<path style="fill:#666"
        d="M293,640 l0,-290 195,0 0,34 -158,0 0,91 133,0 0,32 -133,0 0,133 -37,0z" />
    <path style="fill:#666"
        d="M661,640 l-37,0 0,-223 -4,3 -4,3 -4,3 -5,3 -5,3 -6,3 -5,4 -4,3 -5,3 -5,3 -4,2 -4,3 -5,2 -4,2 -3,1 -4,0 0,-33 7,-3 6,-4 7,-4 7,-4 6,-4 6,-5 6,-5 5,-4 5,-5 4,-5 5,-6 4,-5 4,-5 4,-6 4,-5 3,-5 25,0 0,290z" />





        <path
        fill="none"
        stroke="#746d9b"
        strokeLinecap="round"
        strokeLinejoin="round"
        strokeOpacity="1"
        strokeWidth="1.155"
        d="M151.238 768v75.619h-15.124v30.248H15.124v-30.248h-30.248 0"
        opacity="1"
      ></path>